6.91
-7.20
7.44
8.12
-5.51
4.86
1.13
6.36
-6.10
5.90
-8.32
3.21
-3.46
7.53
0.31
0.57
-7.09
1.35
8.54
6.93
3.78
5.96
6.48
7.48
6.20
-0.21
-7.83
-8.82
-7.35
-6.05
-2.31
8.40
4.15
-8.48
-0.26
6.70
-8.48
4.33
8.67
5.89
2.50
3.65
-7.20
-7.33
-1.35
-8.60
7.31
-6.41
-8.83
2.27
0.86
-2.62
3.50
5.30
-6.32
5.78
-7.16
-7.48
-8.86
8.50
8.54
0.34
7.60
-4.99
4.97
2.38
-3.31
-3.60
3.86
-8.45
8.56
0.17
3.50
5.68
-3.82
-2.28
2.50
-3.71
6.08
8.21
-6.42
3.95
-4.15
3.83
2.31
-1.95
7.92
5.11
4.51
-5.60
-2.72
-7.15
-5.48
-8.55
-2.21
8.13
0.75
-4.92
7.62
-5.72
-3.14
-7.15
4.5
-2.6
-8.45
-2.00
-3.85
-8.64
-2.5
-7.80
-8.9
7.34
8.72
5.22
3.76
-2.13
-7.84
-6.07
8.72
8.60
1.04
6.44
3.63
6.00
-8.89
7.81
-1.22
1.79
-6.56
2.04
6.94
8.43
3.89
8.14
-8.5
8.87
-3.73
4.7
-7.59
3.93
8.82
7.83
-5.41
-8.48
4.33
-8.24
-8.01
3.60
-8.94
-5.18
7.54
6.96
-1.52
-9.07
-0.26
-7.64
5.81
3.68
-7.61
-4.59
-5.58
5.48
-1.09
-8.90
-3.4
4.35
8.90
8.54
-4.65
3.55
7.30
8.00
2.35
-2.19
-8.35
8.04
-8.91
5.39
2.67
8.58
0.28
2.99
-1.56
-8.23
-8.88
-2.51
-8.81
-8.19
2.32
-6.40
8.52
7.06
-3.51
8.49
5.27
-8.47
8.5
2.03
8.42
-5.11
8.28
7.91
2.75
7.40
8.60
-8.31
-8.39
-4.80
3.08
-8.66
-0.42
-8.62
-1.81
-8.5
8.12
-8.46
-2.39
-5.21
-2.98
8.37
7.24
5.31
2.77
-8.71
-7.05
-8.21
8.25
-8.66
-8.2
-0.4
5.80
-7.84
8.27
-4.5
2.19
5.50
-5.93
3.64
2.47
-8.37
8.41
2.57
3.75
8.42
1.90
-8.63
6.12
-5.87
8.71
8.44
-5.12
0.13
0.19
6.22
8.64
-7.48
6.19
8.43
2.9
7.57
2.36
-1.22
1.56
-2.92
6.99
-9.01
-7.70
8.64
8.55
-8.57
7.47
8.31
-5.12
-6.81
2.25
-3.60
-1.18
-2.85
2.16
6.00
1.17
-0.14
-6.25
-6.72
-3.93
-0.53
8.63
5.75
8.57
0.11
8.69
3.88
-8.80
2.05
-8.26
-0.10
4.10
6.01
3.47
8.85
8.64
-4.40
8.04
-4.21
8.24
-3.30
8.90
-1.81
1.06
-8.85
-8.90
-0.88
3.36
-8.71
0.80
5.83
8.73
6.64
-5.15
7.91
-8.87
6.23
-8.26
-2.08
-8.39
-4.57
-4.47
-4.49
7.67
-8.33
3.92
0.46
2.50
-8.36
-3.07
8.83
8.43
-2.30
6.87
-5.19
-8.60
7.17
8.31
6.09
3.41
5.14
5.50
-8.09
6.59
6.69
6.94
-5.30
3.82
-7.91
2.75
-8.60
-4.52
-6.47
8.02
-8.82
-7.27
4.22
-8.17
3.22
8.55
6.74
5.78
-3.43
5.90
-4.69
-9.04
7.57
8.90
-1.04
1.45
-7.34
-5.31
7.68
5.69
-5.80
1.21
-6.07
-8.82
-5.29
4.32
-7.70
-4.23
-5.26
-2.56
-1.87
-4.65
-6.02
-7.47
2.62
-7.72
5.59
2.68
7.99
2.90
-5.65
-8.34
2.64
5.38
-2.82
-8.07
-1.44
5.29
8.61
-2.83
8.44
-7.74
-8.31
-4.07
3.41
-8.14
-1.18
4.17
2.46
-4.91
-8.24
8.63
-6.73
5.60
-8.72
8.03
-7.60
-0.38
-8.02
3.25
-6.04
8.41
-8.81
-6.14
-8.70
4.13
0.05
1.27
5.85
7.76
-5.52
3.31
8.52
6.11
-2.24
5.01
-6.69
7.38
2.97
6.91
3.75
-8.78
-5.93
-2.75
-2.25
-4.01
4.00
0.75
-7.60
-0.75
-3.24
-0.66
0.19
-8.75
2.18
-1.17
-7.87
4.13
8.25
5.80
-8.44
-4.39
7.23
-8.68
-7.95
4.01
-8.02
8.67
7.56
0.19
8.57
7.39
-6.31
0.25
2.80
8.70
4.88
9.03
8.23
-6.94
-8.25
9.08
-7.25
2.47
-3.43
-6.35
-8.26
-7.61
6.93
-0.31
-8.53