4.32
-8.59
-8.38
-2.32
8.46
5.76
-6.91
7.57
8.31
8.20
-8.51
-6.23
8.62
2.39
-8.49
0.98
1.79
8.25
6.02
-5.94
-6.91
8.56
1.22
8.71
-6.65
-5.67
-7.20
8.46
-1.17
6.72
-8.72
-6.19
5.77
8.43
6.56
-7.49
7.20
-0.20
-5.77
7.80
6.80
-8.78
5.41
-5.88
4.25
8.78
6.24
-7.25
-2.68
7.92
-5.79
5.13
-8.09
7.15
-8.37
-1.40
6.86
8.74
-3.12
8.10
-4.61
8.76
0
0.58
-2.00
3.87
-8.38
2.23
7.18
8.54
6.89
8.46
8.05
2.55
7.34
2.09
-8.61
-7.88
-6.38
-5.63
-2.91
1.69
2.80
8.15
0.80
-8.72
-8.47
-6.82
8.32
0
0.49
0.22
0.18
5.03
-4.27
6.99
-7.71
3.26
3.24
6.23