4.32
-8.59
-8.38
-2.32
8.46
5.76
-6.91
7.57
8.31
8.20
-8.51
-6.23
8.62
2.39
-8.49
0.98
1.79
8.25
6.02
-5.94
-6.91
8.56
1.22
8.71
-6.65
-5.67
-7.20
8.46
-1.17
6.72
-8.72
-6.19
5.77
8.43
6.56
-7.49
7.20
-0.20
-5.77
7.80
6.80
-8.78
5.41
-5.88
4.25
8.78
6.24
-7.25
-2.68
7.92
-5.79
5.13
-8.09
7.15
-8.37
-1.40
6.86
8.74
-3.12
8.10
-4.61
8.76
0
0.58
-2.00
3.87
-8.38
2.23
7.18
8.54
6.89
8.46
8.05
2.55
7.34
2.09
-8.61
-7.88
-6.38
-5.63
-2.91
1.69
2.80
8.15
0.80
-8.72
-8.47
-6.82
8.32
0
0.49
0.22
0.18
5.03
-4.27
6.99
-7.71
3.26
3.24
6.23
1.12
8.51
6.02
-6.51
8.63
1.30
7.65
8.83
8.05
-8.82
2.28
2.00
8.46
7.02
8.35
7.24
8.82
8.53
-5.50
2.31
-8.81
-6.47
5.73
1.98
-6.13
-8.46
-3.26
-2.66
-8.80
-7.05
-8.40
3.75
1.41
-8.07
4.94
7.55
7.43
2.19
5.99
-8.72
8.61
1.58
8.26
3.88
-0.15
8.85
-6.78
3.23
8.46
-8.42
3.18
-8.68
2.72
-6.91
-1.11
1.93
-8.68
-4.83
-3.04
-8.12
8.72
-8.77
8.80
-1.83
8.54
8.73
7.62
8.32
7.93
-3.04
8.20
-8.34
-4.20
-0.66
8.50
-7.05
4.25
-2.61
1
-6.33
8.74
-8.46
-3.56
-4.97
7.5
-7.82
-4.22
8.68
-6.83
7
3.79
2.43
7.94
-0.49
-5.66
8.62
7.54
-6.59
5.86
-8.52
8.45
2.21
-6.81
-5.15
-7.93
-8.96
-8.81
-7.54
-7.84
-8.53
-4.69
-7.24
-8.74
-8.33
7.29
-8.81
-2.19
8.32
-8.59
8.25
-7.49
4.04
2.50
0.81
-2.30
8.66
4.22
8.35
3.09
-8.82
-4.17
0.97
-4.39
1.68
0.31
-8.07
6.82
8.07
-3.22
-8.52
1.02
-8.31
2.69
2.34
-6.59
5.43
-7.28
-8.35
-0.31
-8.11
-4.63
-2.26
8.78
8.79
-7.09
7.58
-6.73
8.71
-2.07
-2.01
-5.94
2.8
2.47
6.82
5.64
7.46
-0.02
2.22
-7.82
8.45
2.12
-5.68
4.52
-6.15
6.98
8.07
5.87
-8.59
-8.60
8.55
5.73
-2.47
8.73
6.2
-7.73
8.06
-5.53
-8.58
8.61
0.33
-8.7
3.94
7.40
8.68
-8.54
-1.63
8.16
-1.76
-8.65
-7.73
8.61
-7.11
4.48
4.80
-3.26
8.61
-8.45
8.18
-6.49
0.21
1.88
4.20
-4.87
5.08
-8.59
3.76
8.44
0.46
-6.26
8.51
8.55
-0.47
3.96
-1.33
-7.43
5.67
5.52
7.20
-8.74
2.66
0.83
7.41
-7.11
-5.49
2.61
1.66
-8.01
-8.57
-2.86
8.38
-1.84
-8.04
-4.84
-8.66
2.27
5.15
3.06
6.69
0.82
-7.61
-0.38
-0.37
8.56
6.18
6.67
-8.29
4.99
6.71
-6.63
6.51
8.31
-2.21
-1.15
4.06
0.19
-4.70
1.49
-5.61
0.16
7.32
-1.55
6.36
-8.71
-2.41
-4.50
-8.23
8.54
-8.50
0.64
8.66
2.34
5.59
-5.25
8.69
-4.88
-6.63
-8.31
8.72
-2.51
-1.51
8.37
8.65
-8.43
1.74
-7.78
8.18
-7.10
2.73
-8.29
-7.63
3.78
8.68
6.25
-8.62
-8.46
-1.26
8.62
4.33
-6.25
1.11
-8.69
-6.42
7.25
8.42
-3.64
2.97
4.71
8.69
0.11
6.74
-4.02
-8.59
-3.32
-4.95
0.93
-4.89
-8.60
1.60
-4.53
-6.80
-6.35
8.63
8.70
8.78
8.76
5.62
-8.23
-0.85
-8.19
-5.90
1.37
-7.58
8.53
-5.73
3.74
2.73
8.19
7.97
-8.65
8.13
-1.38
3.79
7.84
6.54
6.80
8.56
8.14
-7.98
3.71
8.33
8.54
-8.55
8.25
-6.22
-2.62
5.97
-7.96
2.46
-4.6
8.24
-6.57
-2.34
1.70
5.45
3.90
-8.68
-8.45
8.27
6.28
6.72
-7.69
7.62
-3.26
-6.99
-2.29
5.37
-0.11
6.34
-2.20
-5.29
5.41
-6.12
8.57
8.16
-7.63
5.82
-5.52
3.85
8.42
-6.65